# NF2
930282
1773200
1768250
3284
1299301
457922
3285
1456945
# SMARCE1
239495
1435484
55832
463432
1428058
957528
953673
1740283
1069790
1425601
1460319
373044
212264
2664741
532251
407072
1459773
1076751
# PTEN
7833
142259
7813
280031
189500
7819
468676
418434
536556
644390
216987
428235
584751
189474
# BAP1
472655
1075173
1421770
1074027
835021
2132954
566165
575817
1417901
412414
1012196
55878
1456014
2425197
1953049
2583743
945509
485291
539900
1454143
1075173
2583596
539912
644428
1073405
851433
580226
2109023
412435
841989
1073050
1803172
965729
1456825
1447511
2112790
1072297
472701
1453675
30301
1458368
628120
944299
412430
412449
412451
412399
2673793
1074041
472704
2008191
1073322
539910
577633
472707
539909
927768
421422
1069122
1399300
1450488
2583555
